/*--------------------------------*- C++ -*----------------------------------*\
| =========                 |                                                 |
| \\      /  F ield         | OpenFOAM: The Open Source CFD Toolbox           |
|  \\    /   O peration     | Version:  2006                                  |
|   \\  /    A nd           | Website:  www.openfoam.com                      |
|    \\/     M anipulation  |                                                 |
\*---------------------------------------------------------------------------*/
FoamFile
{
    version     2.0;
    format      ascii;
    class       cellSet;
    location    "constant/polyMesh/sets";
    object      concaveCells;
}
// * * * * * * * * * * * * * * * * * * * * * * * * * * * * * * * * * * * * * //


1349
(
4096
0
4097
4099
3
4101
5
4103
2055
4104
4106
4110
2062
4111
4115
19
4118
22
25
26
2075
2076
4125
4129
4131
6181
4134
38
6183
39
2089
4138
2090
4139
6188
44
45
6190
4143
47
48
4145
4146
4148
2103
4152
4153
4157
2110
4159
2111
4160
8257
4162
67
2115
68
69
4167
8264
4169
4173
8271
4178
2130
4180
4181
8278
4183
2137
4187
2139
4188
4190
2143
2144
2145
4194
4195
4197
2151
4201
4202
2157
4206
2158
2159
4208
4209
4211
2164
2166
4215
4216
4218
4220
4222
2174
4223
2176
4225
2179
4229
2182
4232
2187
4236
2189
2192
4241
4243
2195
4244
4246
2200
4250
4251
4253
2207
4257
4258
2211
4260
4264
2216
4265
2218
4269
2221
4271
175
6320
4272
176
2224
6321
4274
178
6323
180
6325
4278
182
2230
6327
4279
183
2231
6329
4281
6330
4283
187
6332
4285
4286
6336
4288
192
6337
195
196
6341
4293
197
198
6343
4295
199
6344
200
201
202
4299
6348
6350
4304
208
6353
209
4306
210
2258
4307
211
212
2260
6357
4309
214
215
6360
4313
217
6362
4314
218
219
6364
4316
220
6365
222
6367
223
4320
224
4321
226
6371
4323
6372
228
6374
230
4327
231
4328
233
6378
6379
235
2283
4332
236
237
4334
2286
4335
240
4337
241
2289
244
2292
4341
245
4342
246
247
4344
248
4346
251
4348
4349
4351
258
4355
4358
263
264
4362
4367
271
4369
273
4370
4372
4376
280
4377
4379
283
285
286
4383
4384
288
4386
290
292
293
4390
4391
295
296
297
4395
299
4397
4398
302
303
4400
304
4404
4405
310
4407
4409
313
4411
2363
4412
2365
4414
321
4418
322
4419
323
2371
324
4421
327
4425
329
4426
333
4430
4432
336
4433
337
338
4435
340
341
342
4439
4440
345
4442
4446
350
4447
352
4449
353
2402
355
356
4453
357
4454
358
359
360
361
4458
363
4460
364
4461
365
4463
368
4467
371
4468
4470
2422
4472
377
4474
4475
379
4477
384
4481
385
4482
4484
389
4488
4489
395
396
4493
4495
4496
4498
404
4502
4503
4505
4509
4510
415
4512
4513
4515
419
4518
422
428
438
440
445
447
449
450
451
452
453
454
455
456
457
458
459
460
461
462
4562
4563
4566
471
472
473
474
475
476
477
479
480
481
482
483
492
502
506
508
510
512
515
516
517
518
519
521
525
526
528
531
532
533
534
535
540
541
542
543
546
547
548
2597
550
552
554
2603
8749
8752
563
2611
564
566
569
2618
571
572
573
575
577
578
8771
8772
581
8774
582
583
584
586
587
588
594
595
2644
4694
8791
2647
4696
600
4698
4700
4701
4703
608
4705
609
4707
4708
4711
615
616
4713
617
619
621
4718
2670
4720
2673
2676
4725
629
630
4727
2679
2682
4732
4734
4736
640
2689
4738
642
643
4740
645
4742
646
4743
647
648
2696
4745
649
4747
652
4749
653
2703
659
660
663
664
666
668
669
675
677
678
680
682
685
2733
687
2739
694
695
698
2746
4795
699
4797
701
702
704
2753
8898
4802
707
4804
712
2760
713
714
715
716
718
724
728
730
732
733
734
741
742
744
746
750
751
4851
756
4853
759
4858
763
4860
764
773
774
775
776
778
779
781
783
785
787
788
790
791
793
794
800
802
805
4905
4906
4907
812
4909
813
814
821
4918
822
823
4921
825
4922
826
827
830
831
832
837
838
841
842
843
850
852
859
861
862
865
867
868
870
871
872
874
875
877
878
879
882
889
891
892
898
900
901
902
903
904
907
910
911
912
916
917
922
925
927
930
932
935
941
942
943
948
949
951
955
956
3005
958
3006
3008
961
964
3012
965
3013
966
3015
968
971
3020
973
3021
974
977
3026
3027
3028
983
989
995
997
999
1004
1006
1007
1008
1009
1010
1011
1012
1013
1014
1017
1020
1023
1025
1031
1032
1033
3082
3083
3084
1038
3090
3091
1046
1047
3097
3098
3103
3104
1057
3105
1059
3113
1066
1067
1068
1072
1074
3122
1075
1076
1077
1078
1079
1080
3128
3131
1084
3132
1085
1086
1089
1090
1091
1092
1093
1096
1098
1099
1100
1101
1105
1106
3156
3157
1110
3158
3159
1113
1115
1119
3168
1124
3172
1126
1129
1134
3185
3186
1142
1144
1145
1148
1150
1153
1157
1158
1159
1160
1161
1163
1172
1173
1174
1175
1179
1181
1182
1184
3238
3239
3240
3241
1195
3243
3244
1197
3245
1218
1220
1221
3270
1223
1225
1234
1235
1237
1238
1272
1274
1276
1277
1279
1280
1282
1283
1284
1286
3336
3337
1290
3338
1291
3339
1293
3341
3342
1297
1298
1300
1304
1305
3354
1308
1310
1312
1315
1317
1319
1321
3369
1325
3373
1326
3374
1328
3376
1332
3380
5429
1333
3381
5430
5431
3383
1336
5433
1338
5435
3387
5436
1340
3388
5437
5438
3390
5440
5442
3394
5443
1347
3395
5444
1348
5445
1349
3397
5447
5449
3401
1354
3402
5451
1355
5452
1356
3404
1357
1358
5456
3408
3409
1362
5459
5460
3415
1368
3416
1369
5466
1370
1371
3419
5468
1372
5469
3421
7518
5471
1375
7521
1377
1379
5476
7525
1383
7528
1387
7532
7535
7539
7542
1417
7567
1425
7570
1431
1439
3490
3491
7588
3494
7591
1449
3497
3499
1452
3501
3502
3504
3506
1459
3508
3509
3511
3512
1465
3515
3523
7623
7626
3530
3532
3534
1487
3536
3537
1493
3544
1499
7644
7647
3551
3553
3555
3557
3558
3565
1523
3571
1524
3577
3579
3580
7678
3583
3585
3586
7683
3593
7691
3596
3599
3600
3604
3606
3607
3614
3617
3620
3621
3625
3627
3628
3635
3638
3641
3642
7740
3646
3648
7745
3649
7747
7752
3656
3659
3662
3663
7761
3667
3669
7766
3670
7768
7773
3677
3680
3683
3684
7782
3688
3690
7787
1643
3691
7789
7794
3698
1651
1652
3701
3704
1657
3705
7803
3707
1661
3711
7808
7810
3717
3718
7815
3719
1676
3724
3725
3726
1680
3728
1681
3731
3732
3733
1686
1687
3735
1689
3738
3739
3740
7838
3742
3745
3746
7843
3747
7845
3749
3752
3753
7850
3754
1706
3757
3758
3759
3760
7859
3763
3764
1716
3765
7864
3768
3769
7866
1723
1725
1726
7871
3775
3779
1732
3781
3782
1735
7880
3786
3788
1740
7885
3789
1742
7887
3792
1746
3795
7892
3796
1750
3800
3802
3803
7901
3807
5857
3809
7906
5858
3810
1762
7908
5860
3813
5862
1767
5864
3816
7913
5865
3817
5867
5869
3821
3823
3824
5873
3826
5875
3828
3830
3831
5880
5882
3834
3837
3838
5887
5889
3842
1795
3844
1796
3845
1797
5894
3847
5896
3849
1802
5899
3851
1803
5900
3852
1804
5902
3855
5904
5906
3858
5907
3859
5909
5911
3863
1816
3865
3866
1818
3868
3870
3872
1824
3873
1825
3876
1830
3879
3880
1832
3884
1837
3886
1838
3887
1839
3889
3891
1844
3893
1845
3894
1846
3897
1851
3900
1852
3901
1853
3903
3905
3907
3909
3910
3912
3914
3916
3917
3919
3920
3922
3924
3926
3927
3929
3931
3933
3934
3936
3938
3940
3941
3943
3945
1898
3947
3949
3951
3952
1904
1905
3954
3956
1909
3958
1910
3959
1912
1913
3963
1916
3966
1918
1919
3968
3970
3971
1924
3973
3978
3980
1932
3984
1940
3989
3991
3992
6041
1945
3994
6043
3999
6048
4001
6050
4003
4004
4006
1959
4008
4010
4011
4013
4015
4019
4022
4024
4026
1978
4027
4029
1983
1985
4034
4036
1989
1990
4040
1992
1993
4043
1996
4045
1998
4047
1999
4048
4050
2004
4055
4057
4059
4060
2013
4062
4064
4066
4067
4069
4071
2025
4075
4078
4080
4082
4083
4085
2041
4090
4092
)


// ************************************************************************* //
